Æ
1	0	0	1	0	0	1
1	0	0	1	0	0	1
0	1	0	1	0	1	0
0	0	1	1	1	0	0
0	1	0	1	0	1	0
1	0	0	1	0	0	1
1	0	0	1	0	0	1
1	0	0	1	0	0	1

Ç
1	1	1	1	0
0	0	0	0	1
0	0	0	0	1
0	1	1	1	0
0	0	0	0	1
0	0	0	0	1
0	0	0	0	1
1	1	1	1	0

È
1	0	0	0	1
1	0	0	0	1
1	0	0	1	1
1	0	1	0	1
1	1	0	0	1
1	0	0	0	1
1	0	0	0	1
1	0	0	0	1

É
1	0	1	0	1
1	0	0	0	1
1	0	0	1	1
1	0	1	0	1
1	1	0	0	1
1	0	0	0	1
1	0	0	0	1
1	0	0	0	1

Ê
1	0	0	0	1
1	0	0	0	1
1	0	0	1	0
1	1	1	0	0
1	0	0	1	0
1	0	0	0	1
1	0	0	0	1
1	0	0	0	1

Ë
0	0	1	1	1
0	1	0	0	1
1	0	0	0	1
1	0	0	0	1
1	0	0	0	1
1	0	0	0	1
1	0	0	0	1
1	0	0	0	1

Ì
1	0	0	0	0	0	1
1	1	0	0	0	1	1
1	0	1	0	1	0	1
1	0	0	1	0	0	1
1	0	0	0	0	0	1
1	0	0	0	0	0	1
1	0	0	0	0	0	1
1	0	0	0	0	0	1

Í
1	0	0	0	1
1	0	0	0	1
1	0	0	0	1
1	1	1	1	1
1	0	0	0	1
1	0	0	0	1
1	0	0	0	1
1	0	0	0	1

Î
0	1	1	1	0
1	0	0	0	1
1	0	0	0	1
1	0	0	0	1
1	0	0	0	1
1	0	0	0	1
1	0	0	0	1
0	1	1	1	0

Ï
1	1	1	1	1
1	0	0	0	1
1	0	0	0	1
1	0	0	0	1
1	0	0	0	1
1	0	0	0	1
1	0	0	0	1
1	0	0	0	1

Ð
1	1	1	1	0
1	0	0	0	1
1	0	0	0	1
1	0	0	0	1
1	1	1	1	0
1	0	0	0	0
1	0	0	0	0
1	0	0	0	0

Ñ
0	1	1	1	0
1	0	0	0	1
1	0	0	0	0
1	0	0	0	0
1	0	0	0	0
1	0	0	0	0
1	0	0	0	1
0	1	1	1	0

Ò
1	1	1	1	1
0	0	1	0	0
0	0	1	0	0
0	0	1	0	0
0	0	1	0	0
0	0	1	0	0
0	0	1	0	0
0	0	1	0	0

Ó
1	0	0	0	1
1	0	0	0	1
1	0	0	0	1
1	0	0	0	1
0	1	1	1	1
0	0	0	0	1
0	0	0	0	1
0	1	1	1	0

Ô
0	1	1	1	1	1	0
1	0	0	1	0	0	1
1	0	0	1	0	0	1
1	0	0	1	0	0	1
0	1	1	1	1	1	0
0	0	0	1	0	0	0
0	0	0	1	0	0	0
0	0	0	1	0	0	0

Õ
1	0	0	0	1
1	0	0	0	1
0	1	0	1	0
0	0	1	0	0
0	1	0	1	0
1	0	0	0	1
1	0	0	0	1
1	0	0	0	1

Ö
1	0	0	0	1	0
1	0	0	0	1	0
1	0	0	0	1	0
1	0	0	0	1	0
1	0	0	0	1	0
1	0	0	0	1	0
1	0	0	0	1	0
1	1	1	1	1	1
0	0	0	0	0	1

×
1	0	0	0	1
1	0	0	0	1
1	0	0	0	1
1	0	0	0	1
0	1	1	1	1
0	0	0	0	1
0	0	0	0	1
0	0	0	0	1

Ø
1	0	1	0	1
1	0	1	0	1
1	0	1	0	1
1	0	1	0	1
1	0	1	0	1
1	0	1	0	1
1	0	1	0	1
1	1	1	1	1

Ù
1	0	1	0	1	0
1	0	1	0	1	0
1	0	1	0	1	0
1	0	1	0	1	0
1	0	1	0	1	0
1	0	1	0	1	0
1	0	1	0	1	0
1	1	1	1	1	1
0	0	0	0	0	1

Ú
1	1	0	0	0	0
0	1	0	0	0	0
0	1	0	0	0	0
0	1	1	1	1	0
0	1	0	0	0	1
0	1	0	0	0	1
0	1	0	0	0	1
0	1	1	1	1	0

Û
1	0	0	0	0	0	1
1	0	0	0	0	0	1
1	0	0	0	0	0	1
1	1	1	1	0	0	1
1	0	0	0	1	0	1
1	0	0	0	1	0	1
1	0	0	0	1	0	1
1	1	1	1	0	0	1

Ü
1	0	0	0	0
1	0	0	0	0
1	0	0	0	0
1	1	1	1	0
1	0	0	0	1
1	0	0	0	1
1	0	0	0	1
1	1	1	1	0

Ý
0	1	1	1	0
1	0	0	0	1
0	0	0	0	1
0	0	1	1	1
0	0	0	0	1
0	0	0	0	1
1	0	0	0	1
0	1	1	1	0

Þ
1	0	0	1	1	0
1	0	1	0	0	1
1	0	1	0	0	1
1	1	1	0	0	1
1	0	1	0	0	1
1	0	1	0	0	1
1	0	1	0	0	1
1	0	0	1	1	0

ß
0	1	1	1	0
1	0	0	0	1
1	0	0	0	1
0	1	1	1	1
0	0	1	0	1
0	1	0	0	1
1	0	0	0	1

